184000	0,384732
184000	0,387724
184000	0,388935
184000	0,388312
184000	0,387647
184000	0,387708
184000	0,389539
184000	0,38723
184000	0,384162
184000	0,384817
184000	0,384856
184000	0,385534
184000	0,385808
184000	0,390063
184000	0,387895
184000	0,386873
184000	0,390179
184000	0,388733
184000	0,383735
184061,21875	0,391471
184061,21875	0,392046
184061,21875	0,390175
184061,21875	0,388573
184061,21875	0,388505
184061,21875	0,388596
184061,21875	0,389393
184061,21875	0,389736
184061,21875	0,388076
184061,21875	0,388454
184061,21875	0,39394
184061,21875	0,387303
184061,21875	0,389507
184061,21875	0,391234
184061,21875	0,391311
184061,21875	0,387636
184061,21875	0,394693
184061,21875	0,389461
184061,21875	0,389881
184122,453125	0,39426
184122,453125	0,397629
184122,453125	0,394698
184122,453125	0,390674
184122,453125	0,39328
184122,453125	0,391799
184122,453125	0,391692
184122,453125	0,392271
184122,453125	0,393776
184122,453125	0,393629
184122,453125	0,388538
184122,453125	0,389767
184122,453125	0,389759
184122,453125	0,39385
184122,453125	0,392321
184122,453125	0,387213
184122,453125	0,390649
184122,453125	0,394932
184183,671875	0,392429
184183,671875	0,393828
184183,671875	0,394647
184183,671875	0,391569
184183,671875	0,393044
184183,671875	0,392214
184183,671875	0,394387
184183,671875	0,398446
184183,671875	0,396479
184183,671875	0,393071
184183,671875	0,394119
184183,671875	0,391777
184183,671875	0,393627
184183,671875	0,392546
184183,671875	0,396268
184183,671875	0,398491
184183,671875	0,388645
184183,671875	0,392773
184183,671875	0,390983
184244,890625	0,393056
184244,890625	0,395059
184244,890625	0,400448
184244,890625	0,394886
184244,890625	0,388432
184244,890625	0,390501
184244,890625	0,393549
184244,890625	0,391164
184244,890625	0,391595
184244,890625	0,396063
184244,890625	0,391781
184244,890625	0,39333
184244,890625	0,394705
184244,890625	0,391425
184244,890625	0,394768
184244,890625	0,391021
184244,890625	0,392235
184244,890625	0,393862
184244,890625	0,394043
184306,125	0,396037
184306,125	0,392892
184306,125	0,391686
184306,125	0,392506
184306,125	0,394895
184306,125	0,392988
184306,125	0,392418
184306,125	0,392285
184306,125	0,39304
184306,125	0,392895
184306,125	0,396309
184306,125	0,394518
184306,125	0,392807
184306,125	0,393623
184306,125	0,394731
184306,125	0,393086
184306,125	0,39114
184306,125	0,393547
184306,125	0,39321
184306,125	0,392324
184367,34375	0,398244
184367,34375	0,392702
184367,34375	0,395245
184367,34375	0,393365
184367,34375	0,396969
184367,34375	0,394601
184367,34375	0,395161
184367,34375	0,397986
184367,34375	0,397504
184367,34375	0,39577
184367,34375	0,3951
184367,34375	0,396123
184367,34375	0,394718
184367,34375	0,393454
184367,34375	0,391713
184367,34375	0,390704
184367,34375	0,394152
184367,34375	0,394385
184367,34375	0,397585
184428,578125	0,394438
184428,578125	0,398016
184428,578125	0,400713
184428,578125	0,399763
184428,578125	0,399724
184428,578125	0,396027
184428,578125	0,395918
184428,578125	0,400369
184428,578125	0,398627
184428,578125	0,401053
184428,578125	0,398402
184428,578125	0,398021
184428,578125	0,3971
184428,578125	0,397519
184428,578125	0,394912
184428,578125	0,396955
184428,578125	0,396064
184428,578125	0,396837
184428,578125	0,395599
184428,578125	0,396667
184428,578125	0,397151
184489,796875	0,397683
184489,796875	0,399763
184489,796875	0,400705
184489,796875	0,39806
184489,796875	0,39885
184489,796875	0,400002
184489,796875	0,397697
184489,796875	0,400479
184489,796875	0,396757
184489,796875	0,39814
184489,796875	0,398936
184489,796875	0,398489
184489,796875	0,396102
184489,796875	0,398186
184489,796875	0,401454
184489,796875	0,391647
184489,796875	0,400848
184489,796875	0,397998
184551,015625	0,398802
184551,015625	0,397791
184551,015625	0,397738
184551,015625	0,400186
184551,015625	0,402381
184551,015625	0,40231
184551,015625	0,408166
184551,015625	0,40039
184551,015625	0,405025
184551,015625	0,399726
184551,015625	0,399198
184551,015625	0,399174
184551,015625	0,396863
184551,015625	0,400167
184551,015625	0,400211
184551,015625	0,400213
184551,015625	0,395817
184551,015625	0,397038
184551,015625	0,404619
184612,25	0,400793
184612,25	0,40356
184612,25	0,403566
184612,25	0,397694
184612,25	0,40177
184612,25	0,40042
184612,25	0,402825
184612,25	0,404805
184612,25	0,402697
184612,25	0,401829
184612,25	0,399062
184612,25	0,400208
184612,25	0,400075
184612,25	0,402525
184612,25	0,399507
184612,25	0,400017
184612,25	0,401408
184612,25	0,399491
184612,25	0,399014
184612,25	0,401428
184673,46875	0,402772
184673,46875	0,402889
184673,46875	0,402445
184673,46875	0,405129
184673,46875	0,410063
184673,46875	0,404636
184673,46875	0,409353
184673,46875	0,403866
184673,46875	0,401862
184673,46875	0,402111
184673,46875	0,40167
184673,46875	0,39936
184673,46875	0,404285
184673,46875	0,401775
184673,46875	0,406684
184673,46875	0,404244
184673,46875	0,403477
184673,46875	0,400379
184673,46875	0,404637
184734,6875	0,405546
184734,6875	0,40419
184734,6875	0,406043
184734,6875	0,401493
184734,6875	0,403889
184734,6875	0,40511
184734,6875	0,405989
184734,6875	0,402279
184734,6875	0,404172
184734,6875	0,407436
184734,6875	0,406801
184734,6875	0,406656
184734,6875	0,403306
184734,6875	0,405787
184734,6875	0,405686
184734,6875	0,404926
184734,6875	0,402737
184734,6875	0,405057
184795,921875	0,406203
184795,921875	0,407037
184795,921875	0,409031
184795,921875	0,407892
184795,921875	0,404645
184795,921875	0,406424
184795,921875	0,407594
184795,921875	0,409096
184795,921875	0,406192
184795,921875	0,406827
184795,921875	0,409328
184795,921875	0,413006
184795,921875	0,406069
184795,921875	0,409064
184795,921875	0,409797
184795,921875	0,407475
184795,921875	0,408224
184795,921875	0,407431
184857,140625	0,406303
184857,140625	0,405477
184857,140625	0,408871
184857,140625	0,40714
184857,140625	0,410285
184857,140625	0,406488
184857,140625	0,401686
184857,140625	0,405046
184857,140625	0,40838
184857,140625	0,405041
184857,140625	0,405259
184857,140625	0,404881
184857,140625	0,406304
184857,140625	0,405498
184857,140625	0,40979
184857,140625	0,40583
184857,140625	0,406526
184857,140625	0,404877
184918,375	0,405434
184918,375	0,407285
184918,375	0,404962
184918,375	0,405149
184918,375	0,405082
184918,375	0,40556
184918,375	0,404792
184918,375	0,407073
184918,375	0,405309
184918,375	0,407081
184918,375	0,407658
184918,375	0,405615
184918,375	0,403138
184918,375	0,404819
184918,375	0,407536
184918,375	0,406682
184918,375	0,404511
184918,375	0,408909
184918,375	0,405482
184979,59375	0,412448
184979,59375	0,413138
184979,59375	0,414587
184979,59375	0,411116
184979,59375	0,412207
184979,59375	0,412219
184979,59375	0,411815
184979,59375	0,412868
184979,59375	0,413166
184979,59375	0,413485
184979,59375	0,4145
184979,59375	0,414242
184979,59375	0,412386
184979,59375	0,41279
184979,59375	0,411949
184979,59375	0,411892
184979,59375	0,413302
184979,59375	0,411335
185040,8125	0,411295
185040,8125	0,409344
185040,8125	0,408924
185040,8125	0,408801
185040,8125	0,409996
185040,8125	0,415595
185040,8125	0,418126
185040,8125	0,41098
185040,8125	0,415591
185040,8125	0,411214
185040,8125	0,408333
185040,8125	0,409929
185040,8125	0,40199
185040,8125	0,401283
185040,8125	0,409428
185040,8125	0,409079
185040,8125	0,415286
185040,8125	0,424654
185040,8125	0,40795
185102,046875	0,411166
185102,046875	0,414379
185102,046875	0,412471
185102,046875	0,415208
185102,046875	0,41174
185102,046875	0,412911
185102,046875	0,411376
185102,046875	0,410888
185102,046875	0,412623
185102,046875	0,408686
185102,046875	0,407957
185102,046875	0,411188
185102,046875	0,412751
185102,046875	0,412341
185102,046875	0,412039
185102,046875	0,411586
185102,046875	0,418052
185102,046875	0,409766
185102,046875	0,415923
185102,046875	0,408683
185102,046875	0,407904
185163,265625	0,41232
185163,265625	0,415794
185163,265625	0,409455
185163,265625	0,411515
185163,265625	0,412374
185163,265625	0,410078
185163,265625	0,412964
185163,265625	0,415481
185163,265625	0,410644
185163,265625	0,411171
185163,265625	0,41237
185163,265625	0,412456
185163,265625	0,41179
185163,265625	0,410496
185163,265625	0,414116
185163,265625	0,407884
185163,265625	0,412133
185163,265625	0,407566
185163,265625	0,409688
185224,484375	0,41767
185224,484375	0,414555
185224,484375	0,414524
185224,484375	0,414135
185224,484375	0,416773
185224,484375	0,416241
185224,484375	0,417071
185224,484375	0,418534
185224,484375	0,423098
185224,484375	0,416568
185224,484375	0,415629
185224,484375	0,417105
185224,484375	0,417125
185224,484375	0,416169
185224,484375	0,419001
185224,484375	0,413644
185224,484375	0,418435
185224,484375	0,416687
185224,484375	0,41768
185224,484375	0,416948
185285,71875	0,422915
185285,71875	0,414656
185285,71875	0,419888
185285,71875	0,421775
185285,71875	0,420401
185285,71875	0,414888
185285,71875	0,416978
185285,71875	0,41776
185285,71875	0,420012
185285,71875	0,420659
185285,71875	0,418223
185285,71875	0,420696
185285,71875	0,418176
185285,71875	0,418636
185285,71875	0,415348
185285,71875	0,41577
185285,71875	0,420617
185285,71875	0,420421
185285,71875	0,417211
185285,71875	0,41801
185285,71875	0,418828
185346,9375	0,41509
185346,9375	0,421381
185346,9375	0,421584
185346,9375	0,422658
185346,9375	0,422093
185346,9375	0,414727
185346,9375	0,419451
185346,9375	0,423247
185346,9375	0,423961
185346,9375	0,423301
185346,9375	0,422771
185346,9375	0,418316
185346,9375	0,420862
185346,9375	0,416685
185346,9375	0,420043
185346,9375	0,419051
185346,9375	0,421352
185346,9375	0,420181
185346,9375	0,423412
185408,15625	0,419541
185408,15625	0,422155
185408,15625	0,419946
185408,15625	0,421577
185408,15625	0,416932
185408,15625	0,41725
185408,15625	0,422385
185408,15625	0,42208
185408,15625	0,421293
185408,15625	0,422107
185408,15625	0,423727
185408,15625	0,42328
185408,15625	0,421986
185408,15625	0,422196
185408,15625	0,421436
185408,15625	0,421885
185408,15625	0,418577
185408,15625	0,42268
185408,15625	0,420411
185469,390625	0,422387
185469,390625	0,419906
185469,390625	0,424102
185469,390625	0,420247
185469,390625	0,418369
185469,390625	0,41827
185469,390625	0,423766
185469,390625	0,422042
185469,390625	0,425515
185469,390625	0,425273
185469,390625	0,421887
185469,390625	0,422926
185469,390625	0,423303
185469,390625	0,423346
185469,390625	0,423094
185469,390625	0,423754
185469,390625	0,423596
185469,390625	0,425967
185469,390625	0,425018
185469,390625	0,420783
185469,390625	0,422802
185530,609375	0,420504
185530,609375	0,427908
185530,609375	0,425683
185530,609375	0,423507
185530,609375	0,429291
185530,609375	0,42546
185530,609375	0,424408
185530,609375	0,428752
185530,609375	0,424159
185530,609375	0,424512
185530,609375	0,425352
185530,609375	0,42512
185530,609375	0,426877
185530,609375	0,425258
185530,609375	0,424079
185530,609375	0,429713
185530,609375	0,422031
185530,609375	0,425552
185530,609375	0,418004
185591,84375	0,432419
185591,84375	0,427248
185591,84375	0,428236
185591,84375	0,427859
185591,84375	0,428679
185591,84375	0,434701
185591,84375	0,433793
185591,84375	0,430498
185591,84375	0,426948
185591,84375	0,426363
185591,84375	0,426065
185591,84375	0,429755
185591,84375	0,427117
185591,84375	0,430555
185591,84375	0,428151
185591,84375	0,429238
185591,84375	0,430261
185591,84375	0,426117
185591,84375	0,428652
185653,0625	0,427986
185653,0625	0,427486
185653,0625	0,431107
185653,0625	0,430396
185653,0625	0,428665
185653,0625	0,433807
185653,0625	0,431655
185653,0625	0,43031
185653,0625	0,429402
185653,0625	0,429995
185653,0625	0,4307
185653,0625	0,427143
185653,0625	0,426604
185653,0625	0,42997
185653,0625	0,428181
185653,0625	0,43208
185653,0625	0,427129
185653,0625	0,432058
185653,0625	0,431819
185653,0625	0,433466
185714,28125	0,43299
185714,28125	0,432854
185714,28125	0,42912
185714,28125	0,431338
185714,28125	0,433856
185714,28125	0,435776
185714,28125	0,433899
185714,28125	0,431156
185714,28125	0,431089
185714,28125	0,432665
185714,28125	0,433942
185714,28125	0,430726
185714,28125	0,430686
185714,28125	0,430995
185714,28125	0,428802
185714,28125	0,432416
185714,28125	0,430221
185714,28125	0,431073
185714,28125	0,432274
185775,515625	0,433399
185775,515625	0,437294
185775,515625	0,435767
185775,515625	0,433697
185775,515625	0,435456
185775,515625	0,433181
185775,515625	0,431837
185775,515625	0,430918
185775,515625	0,437872
185775,515625	0,435818
185775,515625	0,435561
185775,515625	0,434293
185775,515625	0,43409
185775,515625	0,436046
185775,515625	0,434882
185775,515625	0,440764
185775,515625	0,430964
185775,515625	0,432044
185775,515625	0,430555
185775,515625	0,429775
185775,515625	0,431177
185836,734375	0,441666
185836,734375	0,442812
185836,734375	0,439225
185836,734375	0,438593
185836,734375	0,43768
185836,734375	0,439472
185836,734375	0,433367
185836,734375	0,437158
185836,734375	0,437098
185836,734375	0,439798
185836,734375	0,437889
185836,734375	0,437805
185836,734375	0,431305
185836,734375	0,434616
185836,734375	0,434149
185836,734375	0,435743
185836,734375	0,437746
185836,734375	0,433316
185836,734375	0,439836
185836,734375	0,436634
185836,734375	0,437063
185897,953125	0,440648
185897,953125	0,436641
185897,953125	0,438862
185897,953125	0,436706
185897,953125	0,439034
185897,953125	0,440091
185897,953125	0,443795
185897,953125	0,434211
185897,953125	0,439005
185897,953125	0,438718
185897,953125	0,437191
185897,953125	0,436612
185897,953125	0,43855
185897,953125	0,437444
185897,953125	0,440584
185897,953125	0,441875
185897,953125	0,439789
185897,953125	0,441847
185897,953125	0,437854
185897,953125	0,441016
185897,953125	0,43847
185959,1875	0,44017
185959,1875	0,442
185959,1875	0,443517
185959,1875	0,444881
185959,1875	0,441208
185959,1875	0,444151
185959,1875	0,442394
185959,1875	0,437653
185959,1875	0,443859
185959,1875	0,442943
185959,1875	0,444044
185959,1875	0,445366
185959,1875	0,444458
185959,1875	0,444481
185959,1875	0,44028
185959,1875	0,439602
185959,1875	0,44167
185959,1875	0,442769
185959,1875	0,4392
186020,40625	0,446094
186020,40625	0,448074
186020,40625	0,448145
186020,40625	0,444608
186020,40625	0,445049
186020,40625	0,449458
186020,40625	0,451299
186020,40625	0,449222
186020,40625	0,448104
186020,40625	0,445884
186020,40625	0,445653
186020,40625	0,446348
186020,40625	0,451894
186020,40625	0,452804
186020,40625	0,446275
186020,40625	0,449641
186020,40625	0,446524
186020,40625	0,447298
186020,40625	0,446247
186081,625	0,450584
186081,625	0,451235
186081,625	0,447972
186081,625	0,451074
186081,625	0,451889
186081,625	0,449313
186081,625	0,450521
186081,625	0,448435
186081,625	0,450722
186081,625	0,449811
186081,625	0,446893
186081,625	0,445351
186081,625	0,447486
186081,625	0,448493
186081,625	0,446409
186081,625	0,448231
186081,625	0,44868
186081,625	0,446422
186081,625	0,446221
186142,859375	0,457126
186142,859375	0,452448
186142,859375	0,45359
186142,859375	0,455226
186142,859375	0,456388
186142,859375	0,457851
186142,859375	0,456021
186142,859375	0,454477
186142,859375	0,45617
186142,859375	0,456804
186142,859375	0,454508
186142,859375	0,455168
186142,859375	0,45424
186142,859375	0,452542
186142,859375	0,456867
186142,859375	0,45659
186142,859375	0,456479
186142,859375	0,456466
186142,859375	0,455497
186204,078125	0,465104
186204,078125	0,461292
186204,078125	0,459376
186204,078125	0,457121
186204,078125	0,463013
186204,078125	0,461801
186204,078125	0,462553
186204,078125	0,460994
186204,078125	0,459248
186204,078125	0,460739
186204,078125	0,46323
186204,078125	0,455822
186204,078125	0,459707
186204,078125	0,462721
186204,078125	0,461024
186204,078125	0,460314
186204,078125	0,462255
186204,078125	0,460511
186204,078125	0,460165
186204,078125	0,457714
186204,078125	0,459154
186265,3125	0,46593
186265,3125	0,464303
186265,3125	0,464525
186265,3125	0,463187
186265,3125	0,465112
186265,3125	0,461184
186265,3125	0,465867
186265,3125	0,462437
186265,3125	0,46267
186265,3125	0,462826
186265,3125	0,464559
186265,3125	0,46211
186265,3125	0,462799
186265,3125	0,464433
186265,3125	0,462928
186265,3125	0,460579
186265,3125	0,462926
186265,3125	0,454489
186265,3125	0,454368
186265,3125	0,454336
186265,3125	0,461369
186326,53125	0,469065
186326,53125	0,469474
186326,53125	0,47813
186326,53125	0,471853
186326,53125	0,470905
186326,53125	0,47185
186326,53125	0,472591
186326,53125	0,471902
186326,53125	0,469027
186326,53125	0,473105
186326,53125	0,470137
186326,53125	0,468749
186326,53125	0,469484
186326,53125	0,474288
186326,53125	0,470521
186326,53125	0,472924
186326,53125	0,468376
186326,53125	0,464566
186326,53125	0,470826
186326,53125	0,470365
186387,75	0,478905
186387,75	0,481757
186387,75	0,478507
186387,75	0,475421
186387,75	0,480191
186387,75	0,479861
186387,75	0,479035
186387,75	0,479091
186387,75	0,477177
186387,75	0,482264
186387,75	0,47716
186387,75	0,482459
186387,75	0,478075
186387,75	0,479228
186387,75	0,482251
186387,75	0,479196
186387,75	0,479172
186387,75	0,482124
186387,75	0,47896
186387,75	0,482866
186387,75	0,479432
186448,984375	0,486003
186448,984375	0,484711
186448,984375	0,487369
186448,984375	0,494738
186448,984375	0,484479
186448,984375	0,485291
186448,984375	0,488425
186448,984375	0,488042
186448,984375	0,484216
186448,984375	0,488421
186448,984375	0,495552
186448,984375	0,489026
186448,984375	0,486252
186448,984375	0,486862
186448,984375	0,486195
186448,984375	0,487821
186448,984375	0,484957
186448,984375	0,487193
186448,984375	0,491754
186510,203125	0,504488
186510,203125	0,500998
186510,203125	0,500588
186510,203125	0,499289
186510,203125	0,500582
186510,203125	0,498108
186510,203125	0,502906
186510,203125	0,502195
186510,203125	0,500907
186510,203125	0,500318
186510,203125	0,496669
186510,203125	0,497046
186510,203125	0,502778
186510,203125	0,49894
186510,203125	0,497026
186510,203125	0,500832
186510,203125	0,498879
186510,203125	0,499444
186510,203125	0,500351
186510,203125	0,499642
186571,421875	0,509979
186571,421875	0,505737
186571,421875	0,509142
186571,421875	0,510751
186571,421875	0,509358
186571,421875	0,508933
186571,421875	0,507861
186571,421875	0,509329
186571,421875	0,511454
186571,421875	0,507868
186571,421875	0,506714
186571,421875	0,510252
186571,421875	0,508344
186571,421875	0,510002
186571,421875	0,506646
186571,421875	0,51079
186571,421875	0,508724
186571,421875	0,506419
186571,421875	0,509373
186632,65625	0,514035
186632,65625	0,516102
186632,65625	0,521194
186632,65625	0,517896
186632,65625	0,520849
186632,65625	0,51422
186632,65625	0,515215
186632,65625	0,515972
186632,65625	0,517107
186632,65625	0,513672
186632,65625	0,514404
186632,65625	0,519354
186632,65625	0,515816
186632,65625	0,514013
186632,65625	0,51712
186632,65625	0,513005
186632,65625	0,519518
186632,65625	0,509223
186632,65625	0,512023
186693,875	0,520055
186693,875	0,520209
186693,875	0,521924
186693,875	0,518755
186693,875	0,524932
186693,875	0,520247
186693,875	0,521008
186693,875	0,521733
186693,875	0,517882
186693,875	0,51958
186693,875	0,517434
186693,875	0,519941
186693,875	0,517481
186693,875	0,517631
186693,875	0,519473
186693,875	0,523619
186693,875	0,517086
186693,875	0,515074
186693,875	0,516275
186755,109375	0,523786
186755,109375	0,522177
186755,109375	0,52548
186755,109375	0,51988
186755,109375	0,524815
186755,109375	0,523746
186755,109375	0,521137
186755,109375	0,525962
186755,109375	0,526098
186755,109375	0,526663
186755,109375	0,529061
186755,109375	0,5258
186755,109375	0,523196
186755,109375	0,52583
186755,109375	0,523104
186755,109375	0,519162
186755,109375	0,522328
186755,109375	0,523135
186755,109375	0,524517
186816,328125	0,532834
186816,328125	0,521127
186816,328125	0,523656
186816,328125	0,523889
186816,328125	0,523076
186816,328125	0,523855
186816,328125	0,528439
186816,328125	0,526782
186816,328125	0,523946
186816,328125	0,525836
186816,328125	0,527038
186816,328125	0,526089
186816,328125	0,526541
186816,328125	0,52097
186816,328125	0,522724
186816,328125	0,52733
186816,328125	0,525135
186816,328125	0,52396
186816,328125	0,523982
186816,328125	0,523146
186877,546875	0,527135
186877,546875	0,529189
186877,546875	0,527036
186877,546875	0,531286
186877,546875	0,528484
186877,546875	0,52916
186877,546875	0,526754
186877,546875	0,525856
186877,546875	0,531164
186877,546875	0,526644
186877,546875	0,527178
186877,546875	0,529864
186877,546875	0,528023
186877,546875	0,52644
186877,546875	0,529248
186877,546875	0,529041
186877,546875	0,526144
186877,546875	0,526891
186877,546875	0,5264
186938,78125	0,529827
186938,78125	0,526955
186938,78125	0,529266
186938,78125	0,528418
186938,78125	0,526411
186938,78125	0,525137
186938,78125	0,529128
186938,78125	0,526034
186938,78125	0,529225
186938,78125	0,528078
186938,78125	0,527611
186938,78125	0,531213
186938,78125	0,526741
186938,78125	0,527811
186938,78125	0,527068
186938,78125	0,531471
186938,78125	0,532109
186938,78125	0,52924
186938,78125	0,533403
187000	0,536168
187000	0,535768
187000	0,53767
187000	0,536284
187000	0,536826
187000	0,535089
187000	0,534215
187000	0,531261
187000	0,53405
187000	0,531981
187000	0,530442
187000	0,532841
187000	0,533361
187000	0,529748
187000	0,532761
187000	0,535621
187000	0,53038
187000	0,531529
187000	0,528472
187000	0,533266
187000	0,532285
187000	0,524777
187000	0,529154
187000	0,531526
187000	0,526877
187000	0,53147
187000	0,53
187000	0,53165
187000	0,523884
187000	0,530399
187000	0,531024
187000	0,527025
187000	0,532159
187000	0,524716
187000	0,530931
187000	0,527139
187000	0,526305
187000	0,529153
187000	0,527598
186938,78125	0,527632
186938,78125	0,527504
186938,78125	0,528306
186938,78125	0,528518
186938,78125	0,528297
186938,78125	0,527582
186938,78125	0,527437
186938,78125	0,526902
186938,78125	0,526515
186938,78125	0,530137
186938,78125	0,530171
186938,78125	0,527841
186938,78125	0,529294
186938,78125	0,529832
186938,78125	0,529742
186938,78125	0,527972
186938,78125	0,528057
186938,78125	0,528421
186938,78125	0,528381
186877,546875	0,525321
186877,546875	0,53027
186877,546875	0,526727
186877,546875	0,525942
186877,546875	0,526715
186877,546875	0,526785
186877,546875	0,524853
186877,546875	0,524031
186877,546875	0,525952
186877,546875	0,526303
186877,546875	0,525827
186877,546875	0,525831
186877,546875	0,522922
186877,546875	0,526744
186877,546875	0,528843
186877,546875	0,527341
186877,546875	0,526642
186877,546875	0,527211
186877,546875	0,527192
186816,328125	0,523057
186816,328125	0,522629
186816,328125	0,52593
186816,328125	0,524172
186816,328125	0,526087
186816,328125	0,523138
186816,328125	0,521602
186816,328125	0,524451
186816,328125	0,524582
186816,328125	0,525305
186816,328125	0,525042
186816,328125	0,524633
186816,328125	0,525456
186816,328125	0,524423
186816,328125	0,522906
186816,328125	0,525872
186816,328125	0,523668
186816,328125	0,521805
186816,328125	0,518309
186755,109375	0,518591
186755,109375	0,521995
186755,109375	0,517177
186755,109375	0,516899
186755,109375	0,520543
186755,109375	0,5172
186755,109375	0,51903
186755,109375	0,519449
186755,109375	0,513318
186755,109375	0,517923
186755,109375	0,518596
186755,109375	0,514104
186755,109375	0,518233
186755,109375	0,514701
186755,109375	0,51751
186755,109375	0,516889
186755,109375	0,52003
186755,109375	0,513104
186755,109375	0,511216
186755,109375	0,521256
186693,875	0,513693
186693,875	0,51108
186693,875	0,515214
186693,875	0,510363
186693,875	0,513845
186693,875	0,51493
186693,875	0,513139
186693,875	0,510577
186693,875	0,51111
186693,875	0,515218
186693,875	0,512143
186693,875	0,514786
186693,875	0,510916
186693,875	0,511845
186693,875	0,512141
186693,875	0,508978
186693,875	0,511497
186693,875	0,509847
186693,875	0,51103
186632,65625	0,506447
186632,65625	0,505762
186632,65625	0,506825
186632,65625	0,509413
186632,65625	0,507738
186632,65625	0,505498
186632,65625	0,50764
186632,65625	0,508909
186632,65625	0,504959
186632,65625	0,505888
186632,65625	0,503603
186632,65625	0,503772
186632,65625	0,502964
186632,65625	0,506163
186632,65625	0,504796
186632,65625	0,507069
186632,65625	0,506279
186632,65625	0,504773
186632,65625	0,504331
186632,65625	0,499873
186571,421875	0,502133
186571,421875	0,497733
186571,421875	0,499436
186571,421875	0,502412
186571,421875	0,496396
186571,421875	0,493759
186571,421875	0,497761
186571,421875	0,497042
186571,421875	0,498778
186571,421875	0,498615
186571,421875	0,497604
186571,421875	0,500337
186571,421875	0,502826
186571,421875	0,498686
186571,421875	0,500369
186571,421875	0,497922
186571,421875	0,502798
186571,421875	0,498067
186571,421875	0,501219
186510,203125	0,493811
186510,203125	0,491766
186510,203125	0,493484
186510,203125	0,494007
186510,203125	0,49398
186510,203125	0,495068
186510,203125	0,495469
186510,203125	0,493486
186510,203125	0,491485
186510,203125	0,493751
186510,203125	0,49102
186510,203125	0,490795
186510,203125	0,494438
186510,203125	0,493053
186510,203125	0,494413
186510,203125	0,491636
186510,203125	0,493183
186510,203125	0,49537
186510,203125	0,49199
186448,984375	0,476716
186448,984375	0,482806
186448,984375	0,47735
186448,984375	0,479584
186448,984375	0,478364
186448,984375	0,47896
186448,984375	0,475749
186448,984375	0,478094
186448,984375	0,479705
186448,984375	0,47909
186448,984375	0,475893
186448,984375	0,478256
186448,984375	0,478431
186448,984375	0,479555
186448,984375	0,481678
186448,984375	0,479557
186448,984375	0,477351
186448,984375	0,474323
186448,984375	0,479667
186387,75	0,472912
186387,75	0,472704
186387,75	0,474405
186387,75	0,473588
186387,75	0,471267
186387,75	0,472602
186387,75	0,472542
186387,75	0,473056
186387,75	0,472866
186387,75	0,475496
186387,75	0,474818
186387,75	0,476613
186387,75	0,471926
186387,75	0,472689
186387,75	0,475152
186387,75	0,474957
186387,75	0,472991
186387,75	0,474287
186387,75	0,475542
186387,75	0,474154
186326,53125	0,466071
186326,53125	0,465777
186326,53125	0,465686
186326,53125	0,468636
186326,53125	0,469121
186326,53125	0,466525
186326,53125	0,469359
186326,53125	0,468754
186326,53125	0,46953
186326,53125	0,468037
186326,53125	0,468829
186326,53125	0,468226
186326,53125	0,466782
186326,53125	0,468804
186326,53125	0,469307
186326,53125	0,465912
186326,53125	0,470589
186326,53125	0,46531
186326,53125	0,46885
186326,53125	0,465747
186265,3125	0,471754
186265,3125	0,463699
186265,3125	0,465153
186265,3125	0,463
186265,3125	0,463923
186265,3125	0,464668
186265,3125	0,462368
186265,3125	0,461901
186265,3125	0,460725
186265,3125	0,459827
186265,3125	0,462828
186265,3125	0,462816
186265,3125	0,464179
186265,3125	0,462226
186265,3125	0,464226
186265,3125	0,462795
186265,3125	0,462832
186265,3125	0,461109
186265,3125	0,465528
186265,3125	0,465729
186204,078125	0,457802
186204,078125	0,4604
186204,078125	0,45574
186204,078125	0,458963
186204,078125	0,456893
186204,078125	0,457296
186204,078125	0,456979
186204,078125	0,456979
186204,078125	0,458757
186204,078125	0,454694
186204,078125	0,45862
186204,078125	0,454778
186204,078125	0,455915
186204,078125	0,456272
186204,078125	0,458926
186204,078125	0,455308
186204,078125	0,458477
186204,078125	0,458717
186204,078125	0,455285
186204,078125	0,454656
186204,078125	0,457614
186142,859375	0,449546
186142,859375	0,452563
186142,859375	0,44894
186142,859375	0,452763
186142,859375	0,454797
186142,859375	0,452906
186142,859375	0,450568
186142,859375	0,452277
186142,859375	0,452068
186142,859375	0,447995
186142,859375	0,449309
186142,859375	0,449678
186142,859375	0,449179
186142,859375	0,447553
186142,859375	0,448016
186142,859375	0,452166
186142,859375	0,451991
186142,859375	0,450855
186081,625	0,445859
186081,625	0,449378
186081,625	0,447791
186081,625	0,449622
186081,625	0,448221
186081,625	0,447416
186081,625	0,445528
186081,625	0,45234
186081,625	0,446016
186081,625	0,44686
186081,625	0,449886
186081,625	0,450499
186081,625	0,44708
186081,625	0,446752
186081,625	0,443664
186081,625	0,44881
186081,625	0,448247
186081,625	0,447579
186081,625	0,447207
186081,625	0,44383
186020,40625	0,443273
186020,40625	0,448624
186020,40625	0,446291
186020,40625	0,44865
186020,40625	0,447603
186020,40625	0,448056
186020,40625	0,444127
186020,40625	0,444927
186020,40625	0,448844
186020,40625	0,444914
186020,40625	0,447567
186020,40625	0,444333
186020,40625	0,445082
186020,40625	0,445849
186020,40625	0,444325
186020,40625	0,44291
186020,40625	0,446325
186020,40625	0,44169
186020,40625	0,445725
186020,40625	0,446347
185959,1875	0,437822
185959,1875	0,437739
185959,1875	0,439525
185959,1875	0,438257
185959,1875	0,440163
185959,1875	0,436449
185959,1875	0,4422
185959,1875	0,440007
185959,1875	0,436766
185959,1875	0,437166
185959,1875	0,438597
185959,1875	0,439632
185959,1875	0,440574
185959,1875	0,441083
185959,1875	0,439974
185959,1875	0,443128
185959,1875	0,439842
185959,1875	0,441668
185897,953125	0,439819
185897,953125	0,437373
185897,953125	0,436954
185897,953125	0,439835
185897,953125	0,439773
185897,953125	0,437551
185897,953125	0,439257
185897,953125	0,432056
185897,953125	0,435566
185897,953125	0,435731
185897,953125	0,436878
185897,953125	0,437579
185897,953125	0,439712
185897,953125	0,437359
185897,953125	0,432411
185897,953125	0,432932
185897,953125	0,433677
185897,953125	0,437747
185897,953125	0,437155
185897,953125	0,437353
185897,953125	0,436345
185897,953125	0,436558
185897,953125	0,431595
185897,953125	0,443662
185836,734375	0,43022
185836,734375	0,429978
185836,734375	0,430374
185836,734375	0,430603
185836,734375	0,433986
185836,734375	0,429245
185836,734375	0,432488
185836,734375	0,436625
185836,734375	0,435421
185836,734375	0,435777
185836,734375	0,43807
185836,734375	0,43385
185836,734375	0,432751
185836,734375	0,433772
185836,734375	0,428248
185836,734375	0,433954
185836,734375	0,434162
185836,734375	0,432132
185836,734375	0,431291
185836,734375	0,431093
185836,734375	0,430699
185775,515625	0,433817
185775,515625	0,431407
185775,515625	0,433255
185775,515625	0,434721
185775,515625	0,43182
185775,515625	0,431277
185775,515625	0,432788
185775,515625	0,428158
185775,515625	0,429318
185775,515625	0,431364
185775,515625	0,430945
185775,515625	0,430745
185775,515625	0,431557
185775,515625	0,428983
185775,515625	0,433278
185775,515625	0,433942
185775,515625	0,432707
185775,515625	0,428722
185775,515625	0,429111
185775,515625	0,427892
185775,515625	0,435033
185714,28125	0,426132
185714,28125	0,429659
185714,28125	0,425116
185714,28125	0,428515
185714,28125	0,432325
185714,28125	0,431263
185714,28125	0,429002
185714,28125	0,427888
185714,28125	0,430081
185714,28125	0,429622
185714,28125	0,426019
185714,28125	0,426284
185714,28125	0,427146
185714,28125	0,429389
185714,28125	0,43051
185714,28125	0,432115
185714,28125	0,426938
185714,28125	0,430818
185714,28125	0,427863
185714,28125	0,427436
185714,28125	0,427783
185653,0625	0,429041
185653,0625	0,431285
185653,0625	0,427965
185653,0625	0,428147
185653,0625	0,422611
185653,0625	0,421999
185653,0625	0,426517
185653,0625	0,430207
185653,0625	0,425553
185653,0625	0,426489
185653,0625	0,42793
185653,0625	0,426403
185653,0625	0,419209
185653,0625	0,422361
185653,0625	0,425291
185653,0625	0,426102
185653,0625	0,426066
185653,0625	0,428022
185653,0625	0,428409
185653,0625	0,426211
185653,0625	0,426139
185591,84375	0,427247
185591,84375	0,428034
185591,84375	0,425472
185591,84375	0,423271
185591,84375	0,424963
185591,84375	0,427673
185591,84375	0,421028
185591,84375	0,425369
185591,84375	0,420358
185591,84375	0,427074
185591,84375	0,422573
185591,84375	0,424805
185591,84375	0,425375
185591,84375	0,421165
185591,84375	0,424675
185591,84375	0,427924
185591,84375	0,424462
185591,84375	0,426182
185591,84375	0,425334
185530,609375	0,423396
185530,609375	0,42347
185530,609375	0,42443
185530,609375	0,425405
185530,609375	0,422629
185530,609375	0,422816
185530,609375	0,424125
185530,609375	0,422383
185530,609375	0,427053
185530,609375	0,428511
185530,609375	0,425467
185530,609375	0,425084
185530,609375	0,421704
185530,609375	0,426578
185530,609375	0,425696
185530,609375	0,426476
185530,609375	0,426291
185530,609375	0,421639
185530,609375	0,427716
185469,390625	0,424589
185469,390625	0,420241
185469,390625	0,420222
185469,390625	0,424348
185469,390625	0,420177
185469,390625	0,421654
185469,390625	0,415951
185469,390625	0,420763
185469,390625	0,419118
185469,390625	0,419073
185469,390625	0,420331
185469,390625	0,418301
185469,390625	0,416985
185469,390625	0,417518
185469,390625	0,424902
185469,390625	0,41974
185469,390625	0,423392
185469,390625	0,423999
185469,390625	0,421056
185469,390625	0,418154
185469,390625	0,421476
185408,15625	0,415942
185408,15625	0,416119
185408,15625	0,415991
185408,15625	0,416066
185408,15625	0,423798
185408,15625	0,418393
185408,15625	0,419886
185408,15625	0,420106
185408,15625	0,420034
185408,15625	0,425931
185408,15625	0,424294
185408,15625	0,417975
185408,15625	0,422986
185408,15625	0,416445
185408,15625	0,421346
185408,15625	0,420342
185408,15625	0,416183
185408,15625	0,419835
185408,15625	0,42075
185408,15625	0,418695
185346,9375	0,422002
185346,9375	0,417156
185346,9375	0,417923
185346,9375	0,420324
185346,9375	0,419902
185346,9375	0,416071
185346,9375	0,415995
185346,9375	0,420264
185346,9375	0,419627
185346,9375	0,418438
185346,9375	0,418444
185346,9375	0,42137
185346,9375	0,420243
185346,9375	0,414595
185346,9375	0,419442
185346,9375	0,419968
185346,9375	0,415993
185346,9375	0,422223
185346,9375	0,420095
185285,71875	0,417981
185285,71875	0,41827
185285,71875	0,415216
185285,71875	0,41866
185285,71875	0,415507
185285,71875	0,414761
185285,71875	0,417988
185285,71875	0,416152
185285,71875	0,415287
185285,71875	0,417847
185285,71875	0,414043
185285,71875	0,413839
185285,71875	0,415811
185285,71875	0,419617
185285,71875	0,418499
185285,71875	0,4164
185285,71875	0,414602
185285,71875	0,414086
185285,71875	0,416224
185224,484375	0,414722
185224,484375	0,416424
185224,484375	0,416926
185224,484375	0,413075
185224,484375	0,406699
185224,484375	0,41286
185224,484375	0,413963
185224,484375	0,414123
185224,484375	0,414523
185224,484375	0,413653
185224,484375	0,413386
185224,484375	0,417916
185224,484375	0,418734
185224,484375	0,416834
185224,484375	0,413453
185224,484375	0,413503
185224,484375	0,411648
185224,484375	0,416205
185224,484375	0,415826
185224,484375	0,412978
185224,484375	0,411198
185163,265625	0,413939
185163,265625	0,410008
185163,265625	0,41005
185163,265625	0,412477
185163,265625	0,415141
185163,265625	0,411271
185163,265625	0,412041
185163,265625	0,410972
185163,265625	0,41611
185163,265625	0,413411
185163,265625	0,412291
185163,265625	0,413507
185163,265625	0,414417
185163,265625	0,411415
185163,265625	0,41095
185163,265625	0,412323
185163,265625	0,409333
185163,265625	0,410672
185102,046875	0,412156
185102,046875	0,41375
185102,046875	0,41612
185102,046875	0,412293
185102,046875	0,410918
185102,046875	0,412028
185102,046875	0,411802
185102,046875	0,414917
185102,046875	0,411408
185102,046875	0,41233
185102,046875	0,416787
185102,046875	0,418004
185102,046875	0,412169
185102,046875	0,413248
185102,046875	0,410513
185102,046875	0,40693
185102,046875	0,412391
185102,046875	0,407621
185102,046875	0,407769
185102,046875	0,408237
185040,8125	0,411766
185040,8125	0,415858
185040,8125	0,410051
185040,8125	0,409392
185040,8125	0,413391
185040,8125	0,408161
185040,8125	0,409941
185040,8125	0,411168
185040,8125	0,4116
185040,8125	0,413331
185040,8125	0,409888
185040,8125	0,411857
185040,8125	0,416329
185040,8125	0,409523
185040,8125	0,407095
185040,8125	0,406758
185040,8125	0,412038
185040,8125	0,411456
185040,8125	0,412078
185040,8125	0,409342
184979,59375	0,407302
184979,59375	0,40935
184979,59375	0,409483
184979,59375	0,413081
184979,59375	0,406909
184979,59375	0,407246
184979,59375	0,410567
184979,59375	0,407207
184979,59375	0,407229
184979,59375	0,408856
184979,59375	0,406377
184979,59375	0,407227
184979,59375	0,411325
184979,59375	0,407515
184979,59375	0,406306
184979,59375	0,409704
184979,59375	0,412833
184979,59375	0,40986
184979,59375	0,406376
184979,59375	0,405005
184979,59375	0,405253
184979,59375	0,408662
184918,375	0,406786
184918,375	0,413551
184918,375	0,406544
184918,375	0,40987
184918,375	0,411233
184918,375	0,411923
184918,375	0,408448
184918,375	0,409027
184918,375	0,406325
184918,375	0,405869
184918,375	0,407587
184918,375	0,407719
184918,375	0,409716
184918,375	0,406474
184918,375	0,410649
184918,375	0,405765
184918,375	0,405843
184918,375	0,405512
184918,375	0,409562
184857,140625	0,405843
184857,140625	0,40683
184857,140625	0,408034
184857,140625	0,403208
184857,140625	0,40886
184857,140625	0,405874
184857,140625	0,40879
184857,140625	0,408823
184857,140625	0,403839
184857,140625	0,40423
184857,140625	0,403364
184857,140625	0,405494
184857,140625	0,408004
184857,140625	0,408807
184857,140625	0,404056
184857,140625	0,404077
184857,140625	0,407376
184857,140625	0,408973
184857,140625	0,407107
184795,921875	0,404866
184795,921875	0,406411
184795,921875	0,407541
184795,921875	0,406332
184795,921875	0,405183
184795,921875	0,405568
184795,921875	0,406021
184795,921875	0,405917
184795,921875	0,406179
184795,921875	0,402383
184795,921875	0,407539
184795,921875	0,40395
184795,921875	0,405179
184795,921875	0,406728
184795,921875	0,402602
184795,921875	0,406236
184795,921875	0,404368
184795,921875	0,404623
184795,921875	0,407499
184795,921875	0,40905
184734,6875	0,40562
184734,6875	0,402301
184734,6875	0,400622
184734,6875	0,401792
184734,6875	0,405873
184734,6875	0,406139
184734,6875	0,404433
184734,6875	0,405959
184734,6875	0,406746
184734,6875	0,405031
184734,6875	0,40582
184734,6875	0,404935
184734,6875	0,401554
184734,6875	0,399399
184734,6875	0,40625
184734,6875	0,405067
184734,6875	0,403391
184734,6875	0,401762
184673,46875	0,404296
184673,46875	0,406903
184673,46875	0,401521
184673,46875	0,402183
184673,46875	0,400999
184673,46875	0,405439
184673,46875	0,400777
184673,46875	0,398619
184673,46875	0,404071
184673,46875	0,403495
184673,46875	0,400466
184673,46875	0,39589
184673,46875	0,39669
184673,46875	0,402574
184673,46875	0,403693
184673,46875	0,407341
184673,46875	0,403129
184673,46875	0,404674
184612,25	0,39838
184612,25	0,398954
184612,25	0,396239
184612,25	0,396036
184612,25	0,401571
184612,25	0,401001
184612,25	0,398202
184612,25	0,398764
184612,25	0,399111
184612,25	0,400347
184612,25	0,40427
184612,25	0,40354
184612,25	0,400986
184612,25	0,401886
184612,25	0,402817
184612,25	0,401738
184612,25	0,402713
184612,25	0,400953
184612,25	0,403558
184551,015625	0,401481
184551,015625	0,401638
184551,015625	0,400898
184551,015625	0,398752
184551,015625	0,397863
184551,015625	0,399864
184551,015625	0,402373
184551,015625	0,399375
184551,015625	0,407366
184551,015625	0,399175
184551,015625	0,399427
184551,015625	0,397338
184551,015625	0,399668
184551,015625	0,394648
184551,015625	0,396877
184551,015625	0,399443
184551,015625	0,396885
184551,015625	0,398156
184489,796875	0,396682
184489,796875	0,397299
184489,796875	0,401346
184489,796875	0,397601
184489,796875	0,397657
184489,796875	0,400654
184489,796875	0,394713
184489,796875	0,397675
184489,796875	0,398746
184489,796875	0,399761
184489,796875	0,398356
184489,796875	0,399222
184489,796875	0,395358
184489,796875	0,394717
184489,796875	0,395322
184489,796875	0,401516
184489,796875	0,397657
184489,796875	0,397257
184489,796875	0,398013
184489,796875	0,399257
184489,796875	0,402209
184489,796875	0,395755
184428,578125	0,401959
184428,578125	0,397004
184428,578125	0,399527
184428,578125	0,398933
184428,578125	0,397439
184428,578125	0,394577
184428,578125	0,396727
184428,578125	0,39687
184428,578125	0,396304
184428,578125	0,395688
184428,578125	0,397696
184428,578125	0,404345
184428,578125	0,395038
184428,578125	0,395869
184428,578125	0,398449
184428,578125	0,392826
184428,578125	0,394047
184367,34375	0,396951
184367,34375	0,396303
184367,34375	0,400798
184367,34375	0,396409
184367,34375	0,394515
184367,34375	0,395281
184367,34375	0,395592
184367,34375	0,39454
184367,34375	0,3941
184367,34375	0,394802
184367,34375	0,393995
184367,34375	0,39383
184367,34375	0,396128
184367,34375	0,391546
184367,34375	0,396389
184367,34375	0,396258
184367,34375	0,395893
184367,34375	0,394123
184306,125	0,399064
184306,125	0,394881
184306,125	0,398966
184306,125	0,395659
184306,125	0,398032
184306,125	0,392416
184306,125	0,396966
184306,125	0,394595
184306,125	0,396364
184306,125	0,395486
184306,125	0,398258
184306,125	0,39401
184306,125	0,394395
184306,125	0,397716
184306,125	0,395718
184306,125	0,395203
184306,125	0,39407
184306,125	0,394462
184306,125	0,394343
184244,890625	0,391976
184244,890625	0,392618
184244,890625	0,395205
184244,890625	0,395845
184244,890625	0,391095
184244,890625	0,392198
184244,890625	0,392041
184244,890625	0,392871
184244,890625	0,392333
184244,890625	0,398308
184244,890625	0,394919
184244,890625	0,393841
184244,890625	0,391588
184244,890625	0,398005
184244,890625	0,394497
184244,890625	0,388693
184244,890625	0,389525
184244,890625	0,393699
184244,890625	0,393955
184183,671875	0,397172
184183,671875	0,390729
184183,671875	0,393528
184183,671875	0,3921
184183,671875	0,398604
184183,671875	0,392308
184183,671875	0,393648
184183,671875	0,39445
184183,671875	0,393567
184183,671875	0,390531
184183,671875	0,39066
184183,671875	0,397731
184183,671875	0,393893
184183,671875	0,395098
184183,671875	0,39467
184183,671875	0,391263
184183,671875	0,393328
184183,671875	0,393909
184183,671875	0,391087
184122,453125	0,389596
184122,453125	0,393821
184122,453125	0,393432
184122,453125	0,395609
184122,453125	0,394065
184122,453125	0,394828
184122,453125	0,393755
184122,453125	0,394246
184122,453125	0,392892
184122,453125	0,393696
184122,453125	0,39386
184122,453125	0,392761
184122,453125	0,391845
184122,453125	0,392732
184122,453125	0,38994
184122,453125	0,390066
184122,453125	0,393287
184122,453125	0,391968
184061,21875	0,387673
184061,21875	0,390833
184061,21875	0,389315
184061,21875	0,390495
184061,21875	0,389984
184061,21875	0,393782
184061,21875	0,390132
184061,21875	0,391577
184061,21875	0,387199
184061,21875	0,387631
184061,21875	0,387532
184061,21875	0,386251
184061,21875	0,38823
184061,21875	0,394657
184061,21875	0,388013
184061,21875	0,387576
184061,21875	0,385964
184061,21875	0,390225
184061,21875	0,386261
184061,21875	0,389203
184000	0,388751
184000	0,38558
184000	0,391175
184000	0,394832
184000	0,386173
184000	0,38811
184000	0,393557
184000	0,39248
184000	0,388516
184000	0,388694
184000	0,389755
184000	0,389033
184000	0,39052
184000	0,384784
184000	0,391255
184000	0,389482
184000	0,39108
184000	0,390053
